[4, 8, 6, 3, 7, 2, 1, 5] 

[9, 15, 13, 2, 14, 1, 7, 4, 12, 3, 16, 3, 10, 8, 5, 2] 

[23, 19, 6, 30, 3, 6, 31, 29, 24, 21, 4, 24, 1, 32, 11, 7, 3, 10, 26, 15, 20, 27, 2, 18, 5, 28, 17, 22, 18, 13, 9, 16] 

[10, 7, 29, 63, 40, 49, 19, 50, 42, 11, 9, 57, 61, 63, 45, 52, 64, 17, 56, 15, 59, 12, 36, 48, 39, 26, 43, 8, 1, 55, 34, 16, 20, 7, 28, 53, 25, 53, 3, 21, 30, 4, 13, 29, 47, 37, 2, 38, 35, 54, 51, 5, 45, 60, 62, 31, 22, 18, 41, 14, 58, 33, 46, 32] 

[50, 106, 71, 123, 79, 66, 74, 63, 86, 91, 29, 64, 83, 114, 32, 70, 103, 39, 49, 2, 97, 117, 26, 17, 5, 3, 85, 50, 55, 94, 36, 59, 33, 77, 13, 126, 62, 107, 104, 118, 116, 2, 22, 105, 128, 34, 93, 96, 45, 14, 10, 7, 100, 92, 27, 67, 120, 19, 43, 27, 125, 76, 12, 57, 115, 113, 25, 124, 66, 89, 111, 38, 44, 60, 31, 46, 119, 87, 102, 61, 23, 72, 24, 99, 48, 11, 61, 127, 42, 82, 78, 108, 5, 81, 35, 41, 88, 53, 15, 110, 18, 1, 101, 56, 4, 9, 18, 47, 84, 122, 80, 58, 75, 28, 21, 16, 51, 20, 95, 121, 69, 90, 6, 54, 98, 109, 40, 8] 

